-3439920037633526174: 0321958322 9780262033848 9780131103627 0136042597 1234567890 0987654321 and 0321958322 9780262033848 9780131103627 0136042597 1234567890 0987654321
-483189531910183056: 0321958322 9780262033848 9780131103627 0136042597 1234567890 0987654321 and 0321958322 9780262033848 9780131103627 0136042597 1234567890 0987654321
8048336569604811157: 0321958322 9780262033848 9780131103627 0136042597 1234567890 0987654321 and 0321958322 9780262033848 9780131103627 0136042597 1234567890 0987654321
3724953257803922264: 0321958322 9780262033848 9780131103627 0136042597 1234567890 0987654321 and 0321958322 9780262033848 9780131103627 0136042597 1234567890 0987654321
-8663334969030990299: 0321958322 9780262033848 9780131103627 0136042597 1234567890 0987654321 and 0321958322 9780262033848 9780131103627 0136042597 1234567890 0987654321
2671088516013651342: 0321958322 9780262033848 9780131103627 0136042597 1234567890 0987654321 and 0321958322 9780262033848 9780131103627 0136042597 1234567890 0987654321
-6772057355179005251: 0321958322 9780262033848 9780131103627 0136042597 1234567890 0987654321 and 0321958322 9780262033848 9780131103627 0136042597 1234567890 0987654321
1759468746335988962: 0321958322 9780262033848 9780131103627 0136042597 1234567890 0987654321 and 0321958322 9780262033848 9780131103627 0136042597 1234567890 0987654321
-2563914565464899931: 0321958322 9780262033848 9780131103627 0136042597 1234567890 0987654321 and 0321958322 9780262033848 9780131103627 0136042597 1234567890 0987654321
-903816101574629006: 0321958322 9780262033848 9780131103627 0136042597 1234567890 0987654321 and 0321958322 9780262033848 9780131103627 0136042597 1234567890 0987654321
5493369343573819058: 0321958322 9780262033848 9780131103627 0136042597 1234567890 0987654321 and 0321958322 9780262033848 9780131103627 0136042597 1234567890 0987654321
7141879657383002835: 0321958322 9780262033848 9780131103627 0136042597 1234567890 0987654321 and 0321958322 9780262033848 9780131103627 0136042597 1234567890 0987654321
183392190911788550: 0321958322 9780262033848 9780131103627 0136042597 1234567890 0987654321 and 0321958322 9780262033848 9780131103627 0136042597 1234567890 0987654321
-4139991120889100343: 0321958322 9780262033848 9780131103627 0136042597 1234567890 0987654321 and 0321958322 9780262033848 9780131103627 0136042597 1234567890 0987654321
1918464725985538710: 0321958322 9780262033848 9780131103627 0136042597 1234567890 0987654321 and 0321958322 9780262033848 9780131103627 0136042597 1234567890 0987654321
8541037122465208046: 0321958322 9780262033848 9780131103627 0136042597 1234567890 0987654321 and 0321958322 9780262033848 9780131103627 0136042597 1234567890 0987654321
7541875530623903126: 0321958322 9780262033848 9780131103627 0136042597 1234567890 0987654321 and 0321958322 9780262033848 9780131103627 0136042597 1234567890 0987654321
-7948138037362305372: 0321958322 9780262033848 9780131103627 0136042597 1234567890 0987654321 and 0321958322 9780262033848 9780131103627 0136042597 1234567890 0987654321
-3739995247648200052: 0321958322 9780262033848 9780131103627 0136042597 1234567890 0987654321 and 0321958322 9780262033848 9780131103627 0136042597 1234567890 0987654321
4966132504876927698: 0321958322 9780262033848 9780131103627 0136042597 1234567890 0987654321 and 0321958322 9780262033848 9780131103627 0136042597 1234567890 0987654321
972703317328357663: 0321958322 9780262033848 9780131103627 0136042597 1234567890 0987654321 and 0321958322 9780262033848 9780131103627 0136042597 1234567890 0987654321
2621213631137541440: 0321958322 9780262033848 9780131103627 0136042597 1234567890 0987654321 and 0321958322 9780262033848 9780131103627 0136042597 1234567890 0987654321
5577944136860884558: 0321958322 9780262033848 9780131103627 0136042597 1234567890 0987654321 and 0321958322 9780262033848 9780131103627 0136042597 1234567890 0987654321
-4337273835333672845: 0321958322 9780262033848 9780131103627 0136042597 1234567890 0987654321 and 0321958322 9780262033848 9780131103627 0136042597 1234567890 0987654321
-2602201300259922685: 0321958322 9780262033848 9780131103627 0136042597 1234567890 0987654321 and 0321958322 9780262033848 9780131103627 0136042597 1234567890 0987654321
-7790924644300203560: 0321958322 9780262033848 9780131103627 0136042597 1234567890 0987654321 and 0321958322 9780262033848 9780131103627 0136042597 1234567890 0987654321
-6142414330491019783: 0321958322 9780262033848 9780131103627 0136042597 1234567890 0987654321 and 0321958322 9780262033848 9780131103627 0136042597 1234567890 0987654321
1212673558216691463: 0321958322 9780262033848 9780131103627 0136042597 1234567890 0987654321 and 0321958322 9780262033848 9780131103627 0136042597 1234567890 0987654321
-8702544413977865940: 0321958322 9780262033848 9780131103627 0136042597 1234567890 0987654321 and 0321958322 9780262033848 9780131103627 0136042597 1234567890 0987654321
1022458964946428655: 0321958322 9780262033848 9780131103627 0136042597 1234567890 0987654321 and 0321958322 9780262033848 9780131103627 0136042597 1234567890 0987654321
